    2    5       406
    1    1    1    1        0.2586035965
    1    1    2    1       -0.0000000093
    1    1    3    1       -0.0000001415
    1    1    4    1        0.0000002302
    1    1    5    1        0.0000000909
    1    1    6    1       -0.0000002391
    1    1    7    1       -0.0000016893
    1    1    2    2        0.2617472435
    1    1    3    2       -0.0000357875
    1    1    4    2       -0.0006041096
    1    1    5    2        0.0051598079
    1    1    6    2        0.0000691147
    1    1    7    2        0.0002512979
    1    1    3    3        0.2347160264
    1    1    4    3        0.0000240714
    1    1    5    3       -0.0001433659
    1    1    6    3        0.0000036229
    1    1    7    3       -0.0000003043
    1    1    4    4        0.2350287569
    1    1    5    4       -0.0024086441
    1    1    6    4        0.0000230999
    1    1    7    4        0.0000768673
    1    1    5    5        0.2460171478
    1    1    6    5       -0.0001581036
    1    1    7    5       -0.0005596426
    1    1    6    6        0.2258449487
    1    1    7    6       -0.0000086644
    1    1    7    7        0.2258264424
    2    1    2    1        0.0538828067
    2    1    3    1        0.0004906880
    2    1    4    1        0.0081464578
    2    1    5    1       -0.0485284121
    2    1    6    1        0.0000919158
    2    1    7    1        0.0003163944
    2    1    2    2        0.0000000374
    2    1    3    2       -0.0000000644
    2    1    4    2       -0.0000000534
    2    1    5    2        0.0000001555
    2    1    6    2       -0.0000007308
    2    1    7    2       -0.0000009331
    2    1    3    3       -0.0000071570
    2    1    4    3        0.0000000229
    2    1    5    3       -0.0000004897
    2    1    6    3        0.0183196816
    2    1    7    3       -0.0502238125
    2    1    4    4       -0.0000001478
    2    1    5    4       -0.0000052633
    2    1    6    4       -0.0495095056
    2    1    7    4       -0.0179617868
    2    1    5    5       -0.0000012109
    2    1    6    5       -0.0074822263
    2    1    7    5       -0.0032454953
    2    1    6    6        0.0000058471
    2    1    7    6        0.0000065453
    2    1    7    7        0.0000150506
    3    1    3    1        0.0241134526
    3    1    4    1        0.0000729044
    3    1    5    1       -0.0004390732
    3    1    6    1        0.0000009235
    3    1    7    1        0.0000044046
    3    1    2    2       -0.0000002093
    3    1    3    2       -0.0000034891
    3    1    4    2        0.0000000130
    3    1    5    2       -0.0000002434
    3    1    6    2        0.0071715763
    3    1    7    2       -0.0196546209
    3    1    3    3       -0.0000002408
    3    1    4    3       -0.0000006603
    3    1    5    3        0.0000024261
    3    1    6    3        0.0002061559
    3    1    7    3       -0.0005662785
    3    1    4    4       -0.0000001250
    3    1    5    4       -0.0000000813
    3    1    6    4        0.0003174427
    3    1    7    4       -0.0022582427
    3    1    5    5        0.0000000995
    3    1    6    5       -0.0047378006
    3    1    7    5        0.0127681518
    3    1    6    6        0.0000110397
    3    1    7    6        0.0000016011
    3    1    7    7       -0.0001014066
    4    1    4    1        0.0252416027
    4    1    5    1       -0.0072996003
    4    1    6    1        0.0000176070
    4    1    7    1        0.0000593557
    4    1    2    2        0.0000004477
    4    1    3    2        0.0000000091
    4    1    4    2       -0.0000001806
    4    1    5    2       -0.0000018477
    4    1    6    2       -0.0193788505
    4    1    7    2       -0.0070329926
    4    1    3    3       -0.0000013332
    4    1    4    3       -0.0000000008
    4    1    5    3       -0.0000001020
    4    1    6    3        0.0026338445
    4    1    7    3       -0.0076045781
    4    1    4    4       -0.0000005129
    4    1    5    4       -0.0000009931
    4    1    6    4       -0.0092645316
    4    1    7    4       -0.0033595967
    4    1    5    5        0.0000024555
    4    1    6    5        0.0114916358
    4    1    7    5        0.0040912847
    4    1    6    6       -0.0000294097
    4    1    7    6       -0.0000349846
    4    1    7    7       -0.0000345495
    5    1    5    1        0.0651637829
    5    1    6    1       -0.0001060037
    5    1    7    1       -0.0003714247
    5    1    2    2        0.0000003835
    5    1    3    2       -0.0000002792
    5    1    4    2       -0.0000031777
    5    1    5    2       -0.0000006415
    5    1    6    2       -0.0029524893
    5    1    7    2       -0.0012802120
    5    1    3    3        0.0000078545
    5    1    4    3       -0.0000000565
    5    1    5    3        0.0000005531
    5    1    6    3       -0.0164919420
    5    1    7    3        0.0451519031
    5    1    4    4       -0.0000000371
    5    1    5    4        0.0000056212
    5    1    6    4        0.0441988598
    5    1    7    4        0.0160134000
    5    1    5    5        0.0000017742
    5    1    6    5        0.0083478796
    5    1    7    5        0.0036210840
    5    1    6    6       -0.0000093423
    5    1    7    6       -0.0000108661
    5    1    7    7       -0.0000189902
    6    1    6    1        0.0371064600
    6    1    7    1       -0.0000023357
    6    1    2    2       -0.0000010001
    6    1    3    2        0.0119085697
    6    1    4    2       -0.0322150227
    6    1    5    2       -0.0051377575
    6    1    6    2        0.0000033497
    6    1    7    2        0.0000046584
    6    1    3    3        0.0000629216
    6    1    4    3        0.0005015738
    6    1    5    3       -0.0037996993
    6    1    6    3        0.0000281666
    6    1    7    3       -0.0000963947
    6    1    4    4       -0.0028515944
    6    1    5    4        0.0099740505
    6    1    6    4       -0.0000759163
    6    1    7    4        0.0000243252
    6    1    5    5        0.0025922158
    6    1    6    5       -0.0000114988
    6    1    7    5        0.0000054543
    6    1    6    6       -0.0000010094
    6    1    7    6       -0.0000001413
    6    1    7    7       -0.0000005825
    7    1    7    1        0.0371014268
    7    1    2    2       -0.0000022180
    7    1    3    2       -0.0326342265
    7    1    4    2       -0.0116920902
    7    1    5    2       -0.0022285668
    7    1    6    2        0.0000023634
    7    1    7    2        0.0000087748
    7    1    3    3       -0.0001758623
    7    1    4    3       -0.0016736818
    7    1    5    3        0.0103645218
    7    1    6    3        0.0001085655
    7    1    7    3       -0.0002582024
    7    1    4    4       -0.0010356961
    7    1    5    4        0.0036045313
    7    1    6    4       -0.0002517352
    7    1    7    4       -0.0000929455
    7    1    5    5        0.0011232560
    7    1    6    5       -0.0000383498
    7    1    7    5       -0.0000176151
    7    1    6    6       -0.0000013957
    7    1    7    6       -0.0000002501
    7    1    7    7       -0.0000017193
    2    2    2    2        0.3526018407
    2    2    3    2       -0.0006403289
    2    2    4    2       -0.0106519162
    2    2    5    2        0.0672675322
    2    2    6    2        0.0000387304
    2    2    7    2        0.0001622146
    2    2    3    3        0.2769906305
    2    2    4    3       -0.0000132052
    2    2    5    3        0.0000789196
    2    2    6    3        0.0000050927
    2    2    7    3       -0.0000070571
    2    2    4    4        0.2768151450
    2    2    5    4        0.0012717101
    2    2    6    4        0.0000162411
    2    2    7    4        0.0000524646
    2    2    5    5        0.2709476155
    2    2    6    5       -0.0001329353
    2    2    7    5       -0.0004663614
    2    2    6    6        0.2409530384
    2    2    7    6       -0.0000097070
    2    2    7    7        0.2409335554
    3    2    3    2        0.0448451969
    3    2    4    2       -0.0000013526
    3    2    5    2        0.0000037805
    3    2    6    2        0.0000015483
    3    2    7    2       -0.0000039553
    3    2    3    3       -0.0002854519
    3    2    4    3        0.0001537676
    3    2    5    3       -0.0014313782
    3    2    6    3       -0.0000246557
    3    2    7    3       -0.0000505915
    3    2    4    4       -0.0002829281
    3    2    5    4       -0.0000182080
    3    2    6    4       -0.0000048534
    3    2    7    4        0.0000178576
    3    2    5    5       -0.0001926334
    3    2    6    5       -0.0000008424
    3    2    7    5        0.0000003500
    3    2    6    6       -0.0001077338
    3    2    7    6        0.0000013857
    3    2    7    7       -0.0001094427
    4    2    4    2        0.0448512661
    4    2    5    2        0.0000473817
    4    2    6    2        0.0000004448
    4    2    7    2       -0.0000001864
    4    2    3    3       -0.0047483835
    4    2    4    3        0.0000112348
    4    2    5    3       -0.0000160005
    4    2    6    3       -0.0000050641
    4    2    7    3        0.0000186774
    4    2    4    4       -0.0047172414
    4    2    5    4       -0.0016746074
    4    2    6    4       -0.0000117154
    4    2    7    4       -0.0000842360
    4    2    5    5       -0.0032060843
    4    2    6    5       -0.0000054985
    4    2    7    5       -0.0000268788
    4    2    6    6       -0.0018324620
    4    2    7    6       -0.0000175743
    4    2    7    7       -0.0017920125
    5    2    5    2        0.0459361193
    5    2    6    2       -0.0000163102
    5    2    7    2       -0.0000492160
    5    2    3    3        0.0301536886
    5    2    4    3       -0.0000173965
    5    2    5    3        0.0001018259
    5    2    6    3        0.0000000294
    5    2    7    3       -0.0000020640
    5    2    4    4        0.0299016016
    5    2    5    4        0.0016826388
    5    2    6    4       -0.0000061382
    5    2    7    4       -0.0000291013
    5    2    5    5        0.0222513564
    5    2    6    5        0.0000104093
    5    2    7    5        0.0000423341
    5    2    6    6        0.0119298017
    5    2    7    6        0.0000029906
    5    2    7    7        0.0119220286
    6    2    6    2        0.0188568570
    6    2    7    2       -0.0000013597
    6    2    3    3        0.0000312232
    6    2    4    3       -0.0000014634
    6    2    5    3       -0.0000001688
    6    2    6    3        0.0000971415
    6    2    7    3        0.0000035164
    6    2    4    4        0.0000355427
    6    2    5    4       -0.0000048062
    6    2    6    4        0.0015133031
    6    2    7    4       -0.0000464217
    6    2    5    5        0.0000574396
    6    2    6    5       -0.0100017601
    6    2    7    5        0.0000097894
    6    2    6    6        0.0000714529
    6    2    7    6        0.0000293198
    6    2    7    7        0.0000419147
    7    2    7    2        0.0188543988
    7    2    3    3        0.0001328629
    7    2    4    3        0.0000055740
    7    2    5    3       -0.0000013413
    7    2    6    3        0.0000028413
    7    2    7    3        0.0000918906
    7    2    4    4        0.0001250339
    7    2    5    4       -0.0000190472
    7    2    6    4       -0.0000460907
    7    2    7    4        0.0016205418
    7    2    5    5        0.0002194833
    7    2    6    5        0.0000099156
    7    2    7    5       -0.0100176078
    7    2    6    6        0.0001541419
    7    2    7    6        0.0000092070
    7    2    7    7        0.0002537208
    3    3    3    3        0.2502241986
    3    3    4    3       -0.0000098450
    3    3    5    3        0.0000475768
    3    3    6    3        0.0000010667
    3    3    7    3        0.0000031213
    3    3    4    4        0.2313714262
    3    3    5    4        0.0006500792
    3    3    6    4        0.0000207733
    3    3    7    4        0.0000496563
    3    3    5    5        0.2277535829
    3    3    6    5       -0.0001069294
    3    3    7    5       -0.0003846907
    3    3    6    6        0.2119310232
    3    3    7    6       -0.0051160123
    3    3    7    7        0.2233938813
    4    3    4    3        0.0107091226
    4    3    5    3        0.0000751957
    4    3    6    3        0.0000007751
    4    3    7    3        0.0000004112
    4    3    4    4       -0.0000055164
    4    3    5    4        0.0000010418
    4    3    6    4        0.0000000481
    4    3    7    4       -0.0000000623
    4    3    5    5        0.0000141358
    4    3    6    5        0.0000003750
    4    3    7    5       -0.0000018543
    4    3    6    6       -0.0050706965
    4    3    7    6        0.0063826217
    4    3    7    7        0.0050633577
    5    3    5    3        0.0104970319
    5    3    6    3        0.0000002900
    5    3    7    3       -0.0000052693
    5    3    4    4        0.0000374322
    5    3    5    4        0.0000214345
    5    3    6    4        0.0000012334
    5    3    7    4       -0.0000034524
    5    3    5    5       -0.0000580883
    5    3    6    5        0.0000005940
    5    3    7    5        0.0000012859
    5    3    6    6       -0.0008635315
    5    3    7    6        0.0009763586
    5    3    7    7        0.0008913164
    6    3    6    3        0.0129872260
    6    3    7    3       -0.0179202396
    6    3    4    4        0.0000033591
    6    3    5    4       -0.0000006020
    6    3    6    4       -0.0176639132
    6    3    7    4       -0.0000576463
    6    3    5    5        0.0000033840
    6    3    6    5       -0.0027373122
    6    3    7    5       -0.0001662688
    6    3    6    6        0.0000055527
    6    3    7    6        0.0000016472
    6    3    7    7        0.0000064567
    7    3    7    3        0.0550736426
    7    3    4    4       -0.0000030211
    7    3    5    4        0.0000003802
    7    3    6    4        0.0426061350
    7    3    7    4        0.0175890497
    7    3    5    5       -0.0000007214
    7    3    6    5        0.0063943773
    7    3    7    5        0.0031068679
    7    3    6    6       -0.0000062223
    7    3    7    6       -0.0000057185
    7    3    7    7       -0.0000181979
    4    4    4    4        0.2500143517
    4    4    5    4        0.0007239268
    4    4    6    4        0.0000151481
    4    4    7    4        0.0000468778
    4    4    5    5        0.2279382251
    4    4    6    5       -0.0001089024
    4    4    7    5       -0.0003840552
    4    4    6    6        0.2231915321
    4    4    7    6        0.0049391523
    4    4    7    7        0.2119833691
    5    4    5    4        0.0108225790
    5    4    6    4        0.0000017890
    5    4    7    4       -0.0000002831
    5    4    5    5       -0.0010022865
    5    4    6    5        0.0000080524
    5    4    7    5        0.0000276214
    5    4    6    6        0.0011279826
    5    4    7    6        0.0009198850
    5    4    7    7       -0.0007135091
    6    4    6    4        0.0538456739
    6    4    7    4        0.0173096148
    6    4    5    5        0.0000219390
    6    4    6    5        0.0061164844
    6    4    7    5        0.0031383348
    6    4    6    6        0.0000117070
    6    4    7    6       -0.0000041942
    6    4    7    7        0.0000014724
    7    4    7    4        0.0129039838
    7    4    5    5        0.0000720315
    7    4    6    5        0.0027419015
    7    4    7    5       -0.0000331288
    7    4    6    6        0.0000467200
    7    4    7    6       -0.0000037399
    7    4    7    7        0.0000542299
    5    5    5    5        0.2497208225
    5    5    6    5       -0.0001471402
    5    5    7    5       -0.0005230690
    5    5    6    6        0.2154363618
    5    5    7    6        0.0001375487
    5    5    7    7        0.2151616040
    6    5    6    5        0.0143660309
    6    5    7    5        0.0004597403
    6    5    6    6       -0.0001299573
    6    5    7    6       -0.0000175668
    6    5    7    7       -0.0001101756
    7    5    7    5        0.0135141789
    7    5    6    6       -0.0003820799
    7    5    7    6       -0.0000059311
    7    5    7    7       -0.0004540082
    6    6    6    6        0.2142374822
    6    6    7    6       -0.0000075735
    6    6    7    7        0.1989927293
    7    6    7    6        0.0085210744
    7    6    7    7       -0.0000079503
    7    7    7    7        0.2142031215
