    4    4       666
    1     1     1     1         0.5458001841
    1     1     2     1        -0.0000403237
    1     1     3     1        -0.0000043508
    1     1     4     1         0.0000022041
    1     1     5     1        -0.0000000003
    1     1     6     1        -0.0000068047
    1     1     7     1        -0.1521717882
    1     1     8     1         0.0000016226
    1     1     2     2         0.1857643296
    1     1     3     2        -0.0375884831
    1     1     4     2        -0.0169124551
    1     1     5     2        -0.0000000300
    1     1     6     2        -0.0401037807
    1     1     7     2         0.0000153634
    1     1     8     2         0.0154934535
    1     1     3     3         0.5008274959
    1     1     4     3        -0.1144992218
    1     1     5     3        -0.0000000042
    1     1     6     3        -0.0054756725
    1     1     7     3         0.0000041406
    1     1     8     3        -0.0663064637
    1     1     4     4         0.2133223543
    1     1     5     4         0.0000000071
    1     1     6     4         0.0093833167
    1     1     7     4        -0.0000006045
    1     1     8     4         0.0195326438
    1     1     5     5         0.4981424560
    1     1     6     5         0.0000000012
    1     1     7     5        -0.0000000006
    1     1     8     5        -0.0000000010
    1     1     6     6         0.5011441675
    1     1     7     6        -0.0000006303
    1     1     8     6        -0.0010302983
    1     1     7     7         0.4748957977
    1     1     8     7        -0.0000000707
    1     1     8     8         0.5395062447
    2     1     2     1         0.0016410596
    2     1     3     1        -0.0095437445
    2     1     4     1         0.0029303650
    2     1     5     1        -0.0000000025
    2     1     6     1        -0.0034764190
    2     1     7     1         0.0000160188
    2     1     8     1         0.0091578005
    2     1     2     2         0.0000395416
    2     1     3     2         0.0000076292
    2     1     4     2        -0.0000007231
    2     1     5     2         0.0000000000
    2     1     6     2         0.0000112506
    2     1     7     2        -0.0001237332
    2     1     8     2        -0.0000042332
    2     1     3     3        -0.0000306315
    2     1     4     3         0.0000249703
    2     1     5     3         0.0000000001
    2     1     6     3        -0.0000023413
    2     1     7     3         0.0045199921
    2     1     8     3         0.0000079363
    2     1     4     4         0.0000323042
    2     1     5     4         0.0000000000
    2     1     6     4        -0.0000024520
    2     1     7     4        -0.0018397479
    2     1     8     4        -0.0000013608
    2     1     5     5        -0.0000352056
    2     1     6     5        -0.0000000001
    2     1     7     5         0.0000000002
    2     1     8     5        -0.0000000037
    2     1     6     6        -0.0000332025
    2     1     7     6         0.0002548711
    2     1     8     6        -0.0000023504
    2     1     7     7        -0.0000327137
    2     1     8     7        -0.0051034375
    2     1     8     8        -0.0000393914
    3     1     3     1         0.1049276415
    3     1     4     1        -0.0360582763
    3     1     5     1        -0.0000000025
    3     1     6     1        -0.0033442497
    3     1     7     1         0.0000026602
    3     1     8     1        -0.0942034944
    3     1     2     2        -0.0000004494
    3     1     3     2        -0.0000102317
    3     1     4     2         0.0000078401
    3     1     5     2         0.0000000001
    3     1     6     2         0.0000008966
    3     1     7     2         0.0067742562
    3     1     8     2         0.0000102984
    3     1     3     3        -0.0000026806
    3     1     4     3         0.0000009366
    3     1     5     3        -0.0000000003
    3     1     6     3        -0.0000016757
    3     1     7     3        -0.0399158488
    3     1     8     3        -0.0000001689
    3     1     4     4        -0.0000042276
    3     1     5     4         0.0000000001
    3     1     6     4         0.0000008432
    3     1     7     4         0.0119533336
    3     1     8     4        -0.0000007668
    3     1     5     5        -0.0000031974
    3     1     6     5        -0.0000000001
    3     1     7     5         0.0000000019
    3     1     8     5         0.0000000420
    3     1     6     6        -0.0000028910
    3     1     7     6         0.0025220466
    3     1     8     6         0.0000014823
    3     1     7     7        -0.0000068918
    3     1     8     7         0.0496984456
    3     1     8     8        -0.0000030846
    4     1     4     1         0.0127327266
    4     1     5     1         0.0000000017
    4     1     6     1         0.0022645358
    4     1     7     1        -0.0000018409
    4     1     8     1         0.0321122537
    4     1     2     2        -0.0000041562
    4     1     3     2         0.0000074929
    4     1     4     2         0.0000102667
    4     1     5     2         0.0000000000
    4     1     6     2        -0.0000015247
    4     1     7     2        -0.0026844881
    4     1     8     2        -0.0000032895
    4     1     3     3         0.0000012923
    4     1     4     3        -0.0000013903
    4     1     5     3         0.0000000000
    4     1     6     3         0.0000021546
    4     1     7     3         0.0133512579
    4     1     8     3        -0.0000009511
    4     1     4     4        -0.0000034866
    4     1     5     4         0.0000000002
    4     1     6     4         0.0000020129
    4     1     7     4        -0.0033331836
    4     1     8     4        -0.0000002968
    4     1     5     5         0.0000013813
    4     1     6     5         0.0000000001
    4     1     7     5        -0.0000000006
    4     1     8     5        -0.0000000147
    4     1     6     6         0.0000005656
    4     1     7     6        -0.0008659160
    4     1     8     6         0.0000002220
    4     1     7     7         0.0000027834
    4     1     8     7        -0.0168027881
    4     1     8     8         0.0000015457
    5     1     5     1         0.0301206977
    5     1     6     1        -0.0000000003
    5     1     7     1         0.0000000000
    5     1     8     1         0.0000000022
    5     1     2     2         0.0000000006
    5     1     3     2         0.0000000001
    5     1     4     2        -0.0000000001
    5     1     5     2        -0.0000032179
    5     1     6     2         0.0000000001
    5     1     7     2        -0.0000000003
    5     1     8     2        -0.0000000018
    5     1     3     3        -0.0000000002
    5     1     4     3         0.0000000003
    5     1     5     3        -0.0000009980
    5     1     6     3        -0.0000000003
    5     1     7     3         0.0000000014
    5     1     8     3         0.0000000184
    5     1     4     4         0.0000000006
    5     1     5     4         0.0000006079
    5     1     6     4         0.0000000001
    5     1     7     4        -0.0000000001
    5     1     8     4        -0.0000000063
    5     1     5     5        -0.0000000003
    5     1     6     5        -0.0000005088
    5     1     7     5        -0.0087256052
    5     1     8     5        -0.0000004445
    5     1     6     6        -0.0000000001
    5     1     7     6        -0.0000000001
    5     1     8     6        -0.0000000008
    5     1     7     7        -0.0000000005
    5     1     8     7        -0.0000000012
    5     1     8     8        -0.0000000127
    6     1     6     1         0.0308664456
    6     1     7     1         0.0000021084
    6     1     8     1         0.0029324894
    6     1     2     2         0.0000093498
    6     1     3     2         0.0000016256
    6     1     4     2        -0.0000009541
    6     1     5     2         0.0000000000
    6     1     6     2        -0.0000012384
    6     1     7     2        -0.0004815813
    6     1     8     2        -0.0000009225
    6     1     3     3        -0.0000049779
    6     1     4     3         0.0000048175
    6     1     5     3        -0.0000000001
    6     1     6     3        -0.0000008625
    6     1     7     3         0.0018478821
    6     1     8     3         0.0000010988
    6     1     4     4         0.0000077772
    6     1     5     4         0.0000000001
    6     1     6     4        -0.0000000593
    6     1     7     4        -0.0001462209
    6     1     8     4        -0.0000001095
    6     1     5     5        -0.0000059340
    6     1     6     5         0.0000000000
    6     1     7     5        -0.0000000003
    6     1     8     5        -0.0000000016
    6     1     6     6        -0.0000067340
    6     1     7     6        -0.0097721110
    6     1     8     6        -0.0000006016
    6     1     7     7        -0.0000049181
    6     1     8     7        -0.0015521900
    6     1     8     8        -0.0000065786
    7     1     7     1         0.1171510124
    7     1     8     1        -0.0000005153
    7     1     2     2        -0.0071493055
    7     1     3     2         0.0143679279
    7     1     4     2        -0.0021796913
    7     1     5     2         0.0000000105
    7     1     6     2         0.0141432090
    7     1     7     2        -0.0000123639
    7     1     8     2        -0.0058117404
    7     1     3     3        -0.1400410736
    7     1     4     3         0.0465646534
    7     1     5     3         0.0000000018
    7     1     6     3         0.0023301088
    7     1     7     3        -0.0000034478
    7     1     8     3         0.0340890030
    7     1     4     4        -0.0189089593
    7     1     5     4        -0.0000000032
    7     1     6     4        -0.0041963679
    7     1     7     4         0.0000019081
    7     1     8     4        -0.0105817107
    7     1     5     5        -0.1354571102
    7     1     6     5        -0.0000000017
    7     1     7     5         0.0000000000
    7     1     8     5         0.0000000009
    7     1     6     6        -0.1384792754
    7     1     7     6        -0.0000002726
    7     1     8     6         0.0009975812
    7     1     7     7        -0.1323155000
    7     1     8     7         0.0000012422
    7     1     8     8        -0.1441451899
    8     1     8     1         0.1078778955
    8     1     2     2        -0.0000019535
    8     1     3     2         0.0000106176
    8     1     4     2        -0.0000034274
    8     1     5     2        -0.0000000037
    8     1     6     2        -0.0000008987
    8     1     7     2        -0.0060190101
    8     1     8     2        -0.0000116518
    8     1     3     3        -0.0000004906
    8     1     4     3        -0.0000005868
    8     1     5     3         0.0000000412
    8     1     6     3         0.0000013355
    8     1     7     3         0.0398503369
    8     1     8     3        -0.0000000467
    8     1     4     4         0.0000008596
    8     1     5     4        -0.0000000141
    8     1     6     4         0.0000000159
    8     1     7     4        -0.0123233208
    8     1     8     4         0.0000006713
    8     1     5     5        -0.0000003054
    8     1     6     5        -0.0000000013
    8     1     7     5        -0.0000000015
    8     1     8     5        -0.0000000224
    8     1     6     6        -0.0000004339
    8     1     7     6        -0.0019275581
    8     1     8     6        -0.0000018628
    8     1     7     7         0.0000039528
    8     1     8     7        -0.0530289811
    8     1     8     8         0.0000008615
    2     2     2     2         0.5434640241
    2     2     3     2         0.0266039448
    2     2     4     2        -0.0074647182
    2     2     5     2         0.0000000415
    2     2     6     2         0.0555291464
    2     2     7     2        -0.0000005728
    2     2     8     2        -0.0124520716
    2     2     3     3         0.2303456410
    2     2     4     3         0.1092389280
    2     2     5     3        -0.0000000217
    2     2     6     3        -0.0289012615
    2     2     7     3        -0.0000028355
    2     2     8     3         0.0046901751
    2     2     4     4         0.5037216525
    2     2     5     4        -0.0000000059
    2     2     6     4        -0.0077501992
    2     2     7     4        -0.0000019125
    2     2     8     4         0.0052021091
    2     2     5     5         0.1858589094
    2     2     6     5         0.0000000160
    2     2     7     5         0.0000000010
    2     2     8     5        -0.0000000160
    2     2     6     6         0.2067486068
    2     2     7     6         0.0000024388
    2     2     8     6        -0.0211146054
    2     2     7     7         0.1812786513
    2     2     8     7        -0.0000004218
    2     2     8     8         0.1894837885
    3     2     3     2         0.0192036267
    3     2     4     2         0.0345093283
    3     2     5     2         0.0000000063
    3     2     6     2         0.0084461179
    3     2     7     2        -0.0000029103
    3     2     8     2        -0.0013304660
    3     2     3     3        -0.0318293743
    3     2     4     3         0.0223451119
    3     2     5     3        -0.0000000078
    3     2     6     3        -0.0104311623
    3     2     7     3         0.0000039723
    3     2     8     3         0.0029177093
    3     2     4     4         0.0183389305
    3     2     5     4         0.0000000058
    3     2     6     4         0.0078618441
    3     2     7     4        -0.0000013630
    3     2     8     4        -0.0023346197
    3     2     5     5        -0.0379887718
    3     2     6     5         0.0000000012
    3     2     7     5         0.0000000001
    3     2     8     5        -0.0000000037
    3     2     6     6        -0.0366476096
    3     2     7     6        -0.0000001738
    3     2     8     6        -0.0049142923
    3     2     7     7        -0.0313741723
    3     2     8     7        -0.0000055453
    3     2     8     8        -0.0369642639
    4     2     4     2         0.1060462912
    4     2     5     2        -0.0000000002
    4     2     6     2        -0.0004632079
    4     2     7     2        -0.0000006925
    4     2     8     2        -0.0019601793
    4     2     3     3        -0.0121098144
    4     2     4     3         0.0091182109
    4     2     5     3         0.0000000136
    4     2     6     3         0.0182869759
    4     2     7     3        -0.0000017148
    4     2     8     3        -0.0042291057
    4     2     4     4        -0.0143697520
    4     2     5     4         0.0000000087
    4     2     6     4         0.0116206209
    4     2     7     4        -0.0000000178
    4     2     8     4        -0.0032553592
    4     2     5     5        -0.0168644990
    4     2     6     5        -0.0000000041
    4     2     7     5        -0.0000000002
    4     2     8     5         0.0000000057
    4     2     6     6        -0.0222013275
    4     2     7     6        -0.0000003559
    4     2     8     6         0.0075005788
    4     2     7     7        -0.0165672350
    4     2     8     7         0.0000021056
    4     2     8     8        -0.0185309274
    5     2     5     2         0.0016287897
    5     2     6     2         0.0000000112
    5     2     7     2         0.0000000001
    5     2     8     2        -0.0000000030
    5     2     3     3        -0.0000000254
    5     2     4     3         0.0000000242
    5     2     5     3        -0.0095869632
    5     2     6     3         0.0000000000
    5     2     7     3         0.0000000000
    5     2     8     3         0.0000000008
    5     2     4     4         0.0000000351
    5     2     5     4         0.0029667409
    5     2     6     4        -0.0000000035
    5     2     7     4        -0.0000000001
    5     2     8     4         0.0000000012
    5     2     5     5        -0.0000000352
    5     2     6     5        -0.0034548655
    5     2     7     5         0.0000008963
    5     2     8     5        -0.0030660100
    5     2     6     6        -0.0000000292
    5     2     7     6         0.0000000001
    5     2     8     6        -0.0000000006
    5     2     7     7        -0.0000000245
    5     2     8     7         0.0000000009
    5     2     8     8        -0.0000000298
    6     2     6     2         0.0163504775
    6     2     7     2        -0.0000012424
    6     2     8     2        -0.0038552808
    6     2     3     3        -0.0340135634
    6     2     4     3         0.0323915601
    6     2     5     3         0.0000000000
    6     2     6     3        -0.0097863605
    6     2     7     3        -0.0000009355
    6     2     8     3         0.0010849161
    6     2     4     4         0.0468456855
    6     2     5     4        -0.0000000036
    6     2     6     4        -0.0015454811
    6     2     7     4        -0.0000006400
    6     2     8     4         0.0016294211
    6     2     5     5        -0.0405448200
    6     2     6     5        -0.0000000012
    6     2     7     5         0.0000000002
    6     2     8     5        -0.0000000006
    6     2     6     6        -0.0447093363
    6     2     7     6         0.0000015730
    6     2     8     6        -0.0037958242
    6     2     7     7        -0.0326266556
    6     2     8     7         0.0000001040
    6     2     8     8        -0.0397134905
    7     2     7     2         0.0015730159
    7     2     8     2         0.0000011082
    7     2     3     3         0.0000140438
    7     2     4     3        -0.0000051668
    7     2     5     3         0.0000000002
    7     2     6     3        -0.0000000943
    7     2     7     3        -0.0037877651
    7     2     8     3        -0.0000035836
    7     2     4     4         0.0000003623
    7     2     5     4        -0.0000000001
    7     2     6     4        -0.0000000945
    7     2     7     4         0.0004550290
    7     2     8     4         0.0000012945
    7     2     5     5         0.0000136749
    7     2     6     5         0.0000000000
    7     2     7     5        -0.0000000011
    7     2     8     5         0.0000000026
    7     2     6     6         0.0000140432
    7     2     7     6        -0.0015201780
    7     2     8     6         0.0000001395
    7     2     7     7         0.0000129834
    7     2     8     7         0.0044396670
    7     2     8     8         0.0000145873
    8     2     8     2         0.0026722768
    8     2     3     3         0.0095673918
    8     2     4     3        -0.0087019498
    8     2     5     3        -0.0000000047
    8     2     6     3        -0.0062846848
    8     2     7     3        -0.0000040781
    8     2     8     3        -0.0049815722
    8     2     4     4        -0.0104192502
    8     2     5     4         0.0000000026
    8     2     6     4         0.0035261732
    8     2     7     4         0.0000016617
    8     2     8     4         0.0007562183
    8     2     5     5         0.0096632070
    8     2     6     5         0.0000000007
    8     2     7     5         0.0000000005
    8     2     8     5        -0.0000000031
    8     2     6     6         0.0106331160
    8     2     7     6         0.0000001641
    8     2     8     6        -0.0041643101
    8     2     7     7         0.0125763873
    8     2     8     7         0.0000058901
    8     2     8     8         0.0158674417
    3     3     3     3         0.4971633628
    3     3     4     3        -0.0955860002
    3     3     5     3        -0.0000000026
    3     3     6     3        -0.0033043859
    3     3     7     3         0.0000027515
    3     3     8     3        -0.0277504256
    3     3     4     4         0.2554089085
    3     3     5     4         0.0000000054
    3     3     6     4         0.0070720039
    3     3     7     4        -0.0000007229
    3     3     8     4         0.0074702616
    3     3     5     5         0.5043712802
    3     3     6     5         0.0000000028
    3     3     7     5        -0.0000000005
    3     3     8     5        -0.0000000025
    3     3     6     6         0.5085116684
    3     3     7     6        -0.0000005345
    3     3     8     6        -0.0030611807
    3     3     7     7         0.4363830766
    3     3     8     7         0.0000005241
    3     3     8     8         0.4968179507
    4     3     4     3         0.0783186511
    4     3     5     3        -0.0000000035
    4     3     6     3        -0.0047705175
    4     3     7     3        -0.0000021110
    4     3     8     3         0.0107396079
    4     3     4     4         0.0979801807
    4     3     5     4        -0.0000000055
    4     3     6     4        -0.0072018975
    4     3     7     4        -0.0000006867
    4     3     8     4         0.0001930709
    4     3     5     5        -0.1157160644
    4     3     6     5         0.0000000034
    4     3     7     5         0.0000000006
    4     3     8     5        -0.0000000031
    4     3     6     6        -0.1114131660
    4     3     7     6         0.0000012047
    4     3     8     6        -0.0041560596
    4     3     7     7        -0.0928095594
    4     3     8     7        -0.0000003830
    4     3     8     8        -0.1122603564
    5     3     5     3         0.1041262946
    5     3     6     3         0.0000000003
    5     3     7     3        -0.0000000004
    5     3     8     3        -0.0000000004
    5     3     4     4        -0.0000000224
    5     3     5     4        -0.0356964305
    5     3     6     4         0.0000000011
    5     3     7     4        -0.0000000002
    5     3     8     4         0.0000000012
    5     3     5     5        -0.0000000074
    5     3     6     5        -0.0027021341
    5     3     7     5         0.0000003195
    5     3     8     5         0.0401240847
    5     3     6     6        -0.0000000017
    5     3     7     6        -0.0000000002
    5     3     8     6        -0.0000000001
    5     3     7     7        -0.0000000039
    5     3     8     7        -0.0000000061
    5     3     8     8        -0.0000000041
    6     3     6     3         0.1047295985
    6     3     7     3        -0.0000004583
    6     3     8     3        -0.0003951263
    6     3     4     4        -0.0296917341
    6     3     5     4         0.0000000011
    6     3     6     4        -0.0341841482
    6     3     7     4         0.0000000041
    6     3     8     4         0.0014854028
    6     3     5     5        -0.0052153848
    6     3     6     5         0.0000000005
    6     3     7     5        -0.0000000003
    6     3     8     5        -0.0000000011
    6     3     6     6        -0.0065421812
    6     3     7     6         0.0000001046
    6     3     8     6         0.0376018798
    6     3     7     7        -0.0051518117
    6     3     8     7        -0.0000009759
    6     3     8     8        -0.0052181568
    7     3     7     3         0.0364007245
    7     3     8     3        -0.0000002090
    7     3     4     4        -0.0000014212
    7     3     5     4         0.0000000002
    7     3     6     4         0.0000004631
    7     3     7     4        -0.0120788374
    7     3     8     4         0.0000002227
    7     3     5     5         0.0000031424
    7     3     6     5        -0.0000000001
    7     3     7     5        -0.0000000010
    7     3     8     5        -0.0000000125
    7     3     6     6         0.0000030394
    7     3     7     6        -0.0012090043
    7     3     8     6        -0.0000010494
    7     3     7     7         0.0000047475
    7     3     8     7        -0.0351952801
    7     3     8     8         0.0000025390
    8     3     8     3         0.0495605437
    8     3     4     4         0.0018313158
    8     3     5     4        -0.0000000004
    8     3     6     4        -0.0005662274
    8     3     7     4         0.0000001276
    8     3     8     4        -0.0166004452
    8     3     5     5        -0.0081602753
    8     3     6     5        -0.0000000004
    8     3     7     5        -0.0000000043
    8     3     8     5        -0.0000000012
    8     3     6     6        -0.0099443250
    8     3     7     6        -0.0000004664
    8     3     8     6        -0.0014898768
    8     3     7     7        -0.0525465824
    8     3     8     7        -0.0000005003
    8     3     8     8        -0.0649714141
    4     4     4     4         0.5000400408
    4     4     5     4        -0.0000000070
    4     4     6     4        -0.0091597991
    4     4     7     4        -0.0000020147
    4     4     8     4         0.0073163097
    4     4     5     5         0.2136576833
    4     4     6     5         0.0000000139
    4     4     7     5         0.0000000010
    4     4     8     5        -0.0000000150
    4     4     6     6         0.2317977156
    4     4     7     6         0.0000025521
    4     4     8     6        -0.0197255855
    4     4     7     7         0.2040063641
    4     4     8     7        -0.0000018009
    4     4     8     8         0.2159359427
    5     4     5     4         0.0125026879
    5     4     6     4         0.0000000029
    5     4     7     4         0.0000000003
    5     4     8     4        -0.0000000016
    5     4     5     5         0.0000000098
    5     4     6     5         0.0019944611
    5     4     7     5        -0.0000001237
    5     4     8     5        -0.0140762533
    5     4     6     6         0.0000000053
    5     4     7     6         0.0000000000
    5     4     8     6         0.0000000007
    5     4     7     7         0.0000000056
    5     4     8     7         0.0000000018
    5     4     8     8         0.0000000070
    6     4     6     4         0.0161901761
    6     4     7     4         0.0000006590
    6     4     8     4        -0.0020986849
    6     4     5     5         0.0093926052
    6     4     6     5        -0.0000000003
    6     4     7     5         0.0000000001
    6     4     8     5         0.0000000010
    6     4     6     6         0.0103625078
    6     4     7     6        -0.0000003120
    6     4     8     6        -0.0123669258
    6     4     7     7         0.0073992142
    6     4     8     7         0.0000003413
    6     4     8     8         0.0091177236
    7     4     7     4         0.0054034970
    7     4     8     4        -0.0000004976
    7     4     5     5        -0.0000002555
    7     4     6     5         0.0000000002
    7     4     7     5         0.0000000007
    7     4     8     5         0.0000000032
    7     4     6     6        -0.0000003758
    7     4     7     6         0.0009399259
    7     4     8     6         0.0000002691
    7     4     7     7        -0.0000005841
    7     4     8     7         0.0114386163
    7     4     8     8        -0.0000000241
    8     4     8     4         0.0063698748
    8     4     5     5        -0.0001067567
    8     4     6     5        -0.0000000001
    8     4     7     5         0.0000000014
    8     4     8     5         0.0000000013
    8     4     6     6         0.0003119674
    8     4     7     6         0.0000002060
    8     4     8     6         0.0015964990
    8     4     7     7         0.0155330556
    8     4     8     7        -0.0000002314
    8     4     8     8         0.0188911752
    5     5     5     5         0.5546078439
    5     5     6     5        -0.0000000004
    5     5     7     5        -0.0000000009
    5     5     8     5        -0.0000000048
    5     5     6     6         0.5037360577
    5     5     7     6        -0.0000008687
    5     5     8     6        -0.0032409605
    5     5     7     7         0.4363179434
    5     5     8     7         0.0000006297
    5     5     8     8         0.4940434256
    6     5     6     5         0.0293970528
    6     5     7     5        -0.0000001319
    6     5     8     5        -0.0016657618
    6     5     6     6         0.0000000108
    6     5     7     6        -0.0000000001
    6     5     8     6         0.0000000003
    6     5     7     7         0.0000000012
    6     5     8     7         0.0000000002
    6     5     8     8         0.0000000001
    7     5     7     5         0.0129750683
    7     5     8     5         0.0000000302
    7     5     6     6        -0.0000000006
    7     5     7     6         0.0000000000
    7     5     8     6         0.0000000000
    7     5     7     7         0.0000000001
    7     5     8     7         0.0000000010
    7     5     8     8         0.0000000055
    8     5     8     5         0.0311676868
    8     5     6     6        -0.0000000010
    8     5     7     6         0.0000000007
    8     5     8     6        -0.0000000012
    8     5     7     7        -0.0000000011
    8     5     8     7         0.0000000183
    8     5     8     8        -0.0000000010
    6     6     6     6         0.5597348965
    6     6     7     6        -0.0000010017
    6     6     8     6        -0.0038689561
    6     6     7     7         0.4389281355
    6     6     8     7         0.0000006458
    6     6     8     8         0.4955392981
    7     6     7     6         0.0131460716
    7     6     8     6        -0.0000000097
    7     6     7     7        -0.0000006350
    7     6     8     7         0.0014002501
    7     6     8     8        -0.0000005532
    8     6     8     6         0.0290999004
    8     6     7     7        -0.0013440506
    8     6     8     7         0.0000007259
    8     6     8     8        -0.0009645045
    7     7     7     7         0.4381017430
    7     7     8     7        -0.0000014271
    7     7     8     8         0.4605682057
    8     7     8     7         0.0445630175
    8     7     8     8         0.0000008788
    8     8     8     8         0.5585265690
