    4    4       666
    1    1    1    1        0.8929886690
    1    1    2    1       -0.0000809154
    1    1    3    1       -0.0000087186
    1    1    4    1        0.0000045905
    1    1    5    1       -0.0000005111
    1    1    6    1       -0.0000136612
    1    1    7    1       -0.3035280962
    1    1    8    1        0.0000032405
    1    1    2    2        0.1790458675
    1    1    3    2       -0.0740722166
    1    1    4    2       -0.0318397907
    1    1    5    2       -0.0000001406
    1    1    6    2       -0.0793058976
    1    1    7    2        0.0000310251
    1    1    8    2        0.0306897414
    1    1    3    3        0.8033113008
    1    1    4    3       -0.2273238290
    1    1    5    3       -0.0000000199
    1    1    6    3       -0.0108238048
    1    1    7    3        0.0000083400
    1    1    8    3       -0.1324707820
    1    1    4    4        0.2334733018
    1    1    5    4        0.0000000340
    1    1    6    4        0.0188353221
    1    1    7    4       -0.0000013142
    1    1    8    4        0.0391119000
    1    1    5    5        0.7976423227
    1    1    6    5        0.0000000063
    1    1    7    5       -0.0000009969
    1    1    8    5       -0.0000000046
    1    1    6    6        0.8037462505
    1    1    7    6       -0.0000012530
    1    1    8    6       -0.0020763544
    1    1    7    7        0.7519643458
    1    1    8    7       -0.0000001621
    1    1    8    8        0.8803162780
    2    1    2    1        0.0032820014
    2    1    3    1       -0.0190748448
    2    1    4    1        0.0058691745
    2    1    5    1       -0.0000000121
    2    1    6    1       -0.0069551630
    2    1    7    1        0.0000324016
    2    1    8    1        0.0183085194
    2    1    2    2        0.0000793319
    2    1    3    2        0.0000152331
    2    1    4    2       -0.0000016613
    2    1    5    2        0.0000000014
    2    1    6    2        0.0000225627
    2    1    7    2       -0.0002469704
    2    1    8    2       -0.0000085362
    2    1    3    3       -0.0000613898
    2    1    4    3        0.0000501684
    2    1    5    3        0.0000000033
    2    1    6    3       -0.0000045252
    2    1    7    3        0.0090388988
    2    1    8    3        0.0000160579
    2    1    4    4        0.0000647648
    2    1    5    4       -0.0000000020
    2    1    6    4       -0.0000050183
    2    1    7    4       -0.0036856939
    2    1    8    4       -0.0000027684
    2    1    5    5       -0.0000705574
    2    1    6    5       -0.0000000038
    2    1    7    5        0.0000000009
    2    1    8    5       -0.0000000045
    2    1    6    6       -0.0000665005
    2    1    7    6        0.0005116992
    2    1    8    6       -0.0000046169
    2    1    7    7       -0.0000655375
    2    1    8    7       -0.0102046877
    2    1    8    8       -0.0000790177
    3    1    3    1        0.2094748649
    3    1    4    1       -0.0721097433
    3    1    5    1       -0.0000000122
    3    1    6    1       -0.0066854022
    3    1    7    1        0.0000054000
    3    1    8    1       -0.1881570311
    3    1    2    2       -0.0000005937
    3    1    3    2       -0.0000206017
    3    1    4    2        0.0000159950
    3    1    5    2       -0.0000000042
    3    1    6    2        0.0000018434
    3    1    7    2        0.0135115594
    3    1    8    2        0.0000207869
    3    1    3    3       -0.0000052999
    3    1    4    3        0.0000019660
    3    1    5    3        0.0000000915
    3    1    6    3       -0.0000033567
    3    1    7    3       -0.0798787569
    3    1    8    3       -0.0000003499
    3    1    4    4       -0.0000082593
    3    1    5    4       -0.0000000321
    3    1    6    4        0.0000017239
    3    1    7    4        0.0240231499
    3    1    8    4       -0.0000015482
    3    1    5    5       -0.0000063812
    3    1    6    5       -0.0000000003
    3    1    7    5        0.0000000091
    3    1    8    5       -0.0000000637
    3    1    6    6       -0.0000057613
    3    1    7    6        0.0050307752
    3    1    8    6        0.0000031374
    3    1    7    7       -0.0000138427
    3    1    8    7        0.0993369857
    3    1    8    8       -0.0000061478
    4    1    4    1        0.0255039420
    4    1    5    1        0.0000000081
    4    1    6    1        0.0045324005
    4    1    7    1       -0.0000037349
    4    1    8    1        0.0642536921
    4    1    2    2       -0.0000084443
    4    1    3    2        0.0000151419
    4    1    4    2        0.0000207053
    4    1    5    2        0.0000000007
    4    1    6    2       -0.0000031103
    4    1    7    2       -0.0053627809
    4    1    8    2       -0.0000066506
    4    1    3    3        0.0000027200
    4    1    4    3       -0.0000028724
    4    1    5    3       -0.0000000383
    4    1    6    3        0.0000043731
    4    1    7    3        0.0267795060
    4    1    8    3       -0.0000019173
    4    1    4    4       -0.0000070698
    4    1    5    4        0.0000000147
    4    1    6    4        0.0000040586
    4    1    7    4       -0.0067284519
    4    1    8    4       -0.0000006009
    4    1    5    5        0.0000029244
    4    1    6    5        0.0000000023
    4    1    7    5       -0.0000000031
    4    1    8    5        0.0000000353
    4    1    6    6        0.0000012765
    4    1    7    6       -0.0017309956
    4    1    8    6        0.0000004122
    4    1    7    7        0.0000057570
    4    1    8    7       -0.0336509602
    4    1    8    8        0.0000032545
    5    1    5    1        0.0602449041
    5    1    6    1        0.0000000008
    5    1    7    1       -0.0000003462
    5    1    8    1        0.0000000105
    5    1    2    2       -0.0000000103
    5    1    3    2        0.0000000091
    5    1    4    2       -0.0000000018
    5    1    5    2       -0.0000065117
    5    1    6    2        0.0000000105
    5    1    7    2       -0.0000000017
    5    1    8    2       -0.0000000281
    5    1    3    3       -0.0000000840
    5    1    4    3        0.0000000255
    5    1    5    3       -0.0000020215
    5    1    6    3        0.0000000042
    5    1    7    3        0.0000000067
    5    1    8    3        0.0000004289
    5    1    4    4       -0.0000000182
    5    1    5    4        0.0000012314
    5    1    6    4       -0.0000000047
    5    1    7    4       -0.0000000006
    5    1    8    4       -0.0000001521
    5    1    5    5        0.0000002308
    5    1    6    5       -0.0000010314
    5    1    7    5       -0.0174470710
    5    1    8    5       -0.0000009009
    5    1    6    6       -0.0000001301
    5    1    7    6       -0.0000000033
    5    1    8    6       -0.0000000041
    5    1    7    7       -0.0000007323
    5    1    8    7       -0.0000000056
    5    1    8    8       -0.0000002323
    6    1    6    1        0.0617321446
    6    1    7    1        0.0000042690
    6    1    8    1        0.0058659856
    6    1    2    2        0.0000188334
    6    1    3    2        0.0000032576
    6    1    4    2       -0.0000019613
    6    1    5    2       -0.0000000013
    6    1    6    2       -0.0000025358
    6    1    7    2       -0.0009611329
    6    1    8    2       -0.0000018663
    6    1    3    3       -0.0000099719
    6    1    4    3        0.0000097017
    6    1    5    3        0.0000000012
    6    1    6    3       -0.0000017167
    6    1    7    3        0.0036969344
    6    1    8    3        0.0000022830
    6    1    4    4        0.0000156598
    6    1    5    4       -0.0000000002
    6    1    6    4       -0.0000001288
    6    1    7    4       -0.0002980043
    6    1    8    4       -0.0000002445
    6    1    5    5       -0.0000118967
    6    1    6    5       -0.0000000079
    6    1    7    5       -0.0000000033
    6    1    8    5       -0.0000000034
    6    1    6    6       -0.0000135107
    6    1    7    6       -0.0195491161
    6    1    8    6       -0.0000012006
    6    1    7    7       -0.0000098442
    6    1    8    7       -0.0031054781
    6    1    8    8       -0.0000132395
    7    1    7    1        0.2342978953
    7    1    8    1       -0.0000010482
    7    1    2    2       -0.0136308933
    7    1    3    2        0.0287081737
    7    1    4    2       -0.0044043618
    7    1    5    2        0.0000000500
    7    1    6    2        0.0282780425
    7    1    7    2       -0.0000250214
    7    1    8    2       -0.0116185503
    7    1    3    3       -0.2791717475
    7    1    4    3        0.0932333782
    7    1    5    3        0.0000000087
    7    1    6    3        0.0046683727
    7    1    7    3       -0.0000069820
    7    1    8    3        0.0681622702
    7    1    4    4       -0.0372448463
    7    1    5    4       -0.0000000151
    7    1    6    4       -0.0084023196
    7    1    7    4        0.0000038666
    7    1    8    4       -0.0212047159
    7    1    5    5       -0.2700950484
    7    1    6    5       -0.0000000091
    7    1    7    5        0.0000000003
    7    1    8    5        0.0000000041
    7    1    6    6       -0.2761578861
    7    1    7    6       -0.0000005500
    7    1    8    6        0.0020034486
    7    1    7    7       -0.2638144136
    7    1    8    7        0.0000025213
    7    1    8    8       -0.2874735275
    8    1    8    1        0.2156026562
    8    1    2    2       -0.0000042036
    8    1    3    2        0.0000214055
    8    1    4    2       -0.0000070113
    8    1    5    2       -0.0000000053
    8    1    6    2       -0.0000018529
    8    1    7    2       -0.0120135182
    8    1    8    2       -0.0000235498
    8    1    3    3       -0.0000010680
    8    1    4    3       -0.0000012456
    8    1    5    3       -0.0000001555
    8    1    6    3        0.0000028065
    8    1    7    3        0.0797393925
    8    1    8    3       -0.0000000900
    8    1    4    4        0.0000015044
    8    1    5    4        0.0000000710
    8    1    6    4       -0.0000000218
    8    1    7    4       -0.0247465060
    8    1    8    4        0.0000013572
    8    1    5    5       -0.0000006672
    8    1    6    5       -0.0000000043
    8    1    7    5       -0.0000000069
    8    1    8    5       -0.0000000864
    8    1    6    6       -0.0000009317
    8    1    7    6       -0.0038469622
    8    1    8    6       -0.0000038483
    8    1    7    7        0.0000079470
    8    1    8    7       -0.1060274674
    8    1    8    8        0.0000016955
    2    2    2    2        0.8885334084
    2    2    3    2        0.0525251325
    2    2    4    2       -0.0146698256
    2    2    5    2        0.0000001952
    2    2    6    2        0.1101634029
    2    2    7    2       -0.0000012094
    2    2    8    2       -0.0249560905
    2    2    3    3        0.2677200919
    2    2    4    3        0.2169692979
    2    2    5    3       -0.0000000992
    2    2    6    3       -0.0557626788
    2    2    7    3       -0.0000056536
    2    2    8    3        0.0095512090
    2    2    4    4        0.8090464330
    2    2    5    4       -0.0000000287
    2    2    6    4       -0.0159384653
    2    2    7    4       -0.0000038755
    2    2    8    4        0.0103084436
    2    2    5    5        0.1792090266
    2    2    6    5        0.0000000779
    2    2    7    5       -0.0000000708
    2    2    8    5       -0.0000000737
    2    2    6    6        0.2211300311
    2    2    7    6        0.0000049088
    2    2    8    6       -0.0409110541
    2    2    7    7        0.1706524524
    2    2    8    7       -0.0000008121
    2    2    8    8        0.1864742201
    3    2    3    2        0.0382254843
    3    2    4    2        0.0688798208
    3    2    5    2        0.0000000294
    3    2    6    2        0.0166182138
    3    2    7    2       -0.0000058799
    3    2    8    2       -0.0026267528
    3    2    3    3       -0.0626892271
    3    2    4    3        0.0441791315
    3    2    5    3       -0.0000000361
    3    2    6    3       -0.0205430806
    3    2    7    3        0.0000080692
    3    2    8    3        0.0058348678
    3    2    4    4        0.0361057446
    3    2    5    4        0.0000000277
    3    2    6    4        0.0156778046
    3    2    7    4       -0.0000027690
    3    2    8    4       -0.0046858616
    3    2    5    5       -0.0748710296
    3    2    6    5        0.0000000056
    3    2    7    5        0.0000000638
    3    2    8    5       -0.0000000171
    3    2    6    6       -0.0721866405
    3    2    7    6       -0.0000003573
    3    2    8    6       -0.0096190415
    3    2    7    7       -0.0616762823
    3    2    8    7       -0.0000112019
    3    2    8    8       -0.0728137694
    4    2    4    2        0.2118217892
    4    2    5    2       -0.0000000014
    4    2    6    2       -0.0011960062
    4    2    7    2       -0.0000013847
    4    2    8    2       -0.0038964246
    4    2    3    3       -0.0223912468
    4    2    4    3        0.0176601144
    4    2    5    3        0.0000000655
    4    2    6    3        0.0369377995
    4    2    7    3       -0.0000034415
    4    2    8    3       -0.0084512401
    4    2    4    4       -0.0283674686
    4    2    5    4        0.0000000410
    4    2    6    4        0.0231335311
    4    2    7    4       -0.0000000482
    4    2    8    4       -0.0065133903
    4    2    5    5       -0.0317414439
    4    2    6    5       -0.0000000203
    4    2    7    5       -0.0000000033
    4    2    8    5        0.0000000275
    4    2    6    6       -0.0423877064
    4    2    7    6       -0.0000007249
    4    2    8    6        0.0152295585
    4    2    7    7       -0.0311960820
    4    2    8    7        0.0000042901
    4    2    8    8       -0.0350588449
    5    2    5    2        0.0032574697
    5    2    6    2        0.0000000521
    5    2    7    2        0.0000000002
    5    2    8    2       -0.0000000138
    5    2    3    3       -0.0000001193
    5    2    4    3        0.0000001142
    5    2    5    3       -0.0191610387
    5    2    6    3        0.0000000009
    5    2    7    3        0.0000000163
    5    2    8    3        0.0000000037
    5    2    4    4        0.0000001648
    5    2    5    4        0.0059418877
    5    2    6    4       -0.0000000167
    5    2    7    4       -0.0000000074
    5    2    8    4        0.0000000059
    5    2    5    5       -0.0000001652
    5    2    6    5       -0.0069120050
    5    2    7    5        0.0000018145
    5    2    8    5       -0.0061267298
    5    2    6    6       -0.0000001345
    5    2    7    6        0.0000000027
    5    2    8    6       -0.0000000018
    5    2    7    7       -0.0000001142
    5    2    8    7        0.0000000171
    5    2    8    8       -0.0000001393
    6    2    6    2        0.0324333023
    6    2    7    2       -0.0000025144
    6    2    8    2       -0.0076751856
    6    2    3    3       -0.0672443252
    6    2    4    3        0.0643064333
    6    2    5    3        0.0000000009
    6    2    6    3       -0.0192766521
    6    2    7    3       -0.0000018741
    6    2    8    3        0.0021808420
    6    2    4    4        0.0929038792
    6    2    5    4       -0.0000000169
    6    2    6    4       -0.0031657101
    6    2    7    4       -0.0000012813
    6    2    8    4        0.0032498777
    6    2    5    5       -0.0801866236
    6    2    6    5       -0.0000000036
    6    2    7    5        0.0000000663
    6    2    8    5       -0.0000000017
    6    2    6    6       -0.0885130443
    6    2    7    6        0.0000031765
    6    2    8    6       -0.0073863985
    6    2    7    7       -0.0643768647
    6    2    8    7        0.0000002220
    6    2    8    8       -0.0785129825
    7    2    7    2        0.0031416994
    7    2    8    2        0.0000022382
    7    2    3    3        0.0000283444
    7    2    4    3       -0.0000104686
    7    2    5    3        0.0000000383
    7    2    6    3       -0.0000001901
    7    2    7    3       -0.0075827790
    7    2    8    3       -0.0000072534
    7    2    4    4        0.0000006944
    7    2    5    4       -0.0000000152
    7    2    6    4       -0.0000001869
    7    2    7    4        0.0009237873
    7    2    8    4        0.0000026245
    7    2    5    5        0.0000276078
    7    2    6    5       -0.0000000036
    7    2    7    5       -0.0000000054
    7    2    8    5       -0.0000000023
    7    2    6    6        0.0000283527
    7    2    7    6       -0.0030418920
    7    2    8    6        0.0000002898
    7    2    7    7        0.0000262103
    7    2    8    7        0.0088743688
    7    2    8    8        0.0000294530
    8    2    8    2        0.0053422442
    8    2    3    3        0.0188412256
    8    2    4    3       -0.0173496159
    8    2    5    3       -0.0000000223
    8    2    6    3       -0.0126189851
    8    2    7    3       -0.0000082586
    8    2    8    3       -0.0099634750
    8    2    4    4       -0.0208908753
    8    2    5    4        0.0000000127
    8    2    6    4        0.0070747987
    8    2    7    4        0.0000033738
    8    2    8    4        0.0015195535
    8    2    5    5        0.0190305124
    8    2    6    5        0.0000000037
    8    2    7    5       -0.0000000297
    8    2    8    5       -0.0000000149
    8    2    6    6        0.0209653824
    8    2    7    6        0.0000003340
    8    2    8    6       -0.0083646304
    8    2    7    7        0.0248617843
    8    2    8    7        0.0000119088
    8    2    8    8        0.0314348238
    3    3    3    3        0.7962028367
    3    3    4    3       -0.1896693129
    3    3    5    3       -0.0000000119
    3    3    6    3       -0.0062689739
    3    3    7    3        0.0000055302
    3    3    8    3       -0.0553430961
    3    3    4    4        0.3172125398
    3    3    5    4        0.0000000256
    3    3    6    4        0.0141300309
    3    3    7    4       -0.0000015429
    3    3    8    4        0.0149347466
    3    3    5    5        0.8103601284
    3    3    6    5        0.0000000119
    3    3    7    5       -0.0000006578
    3    3    8    5       -0.0000000117
    3    3    6    6        0.8187649052
    3    3    7    6       -0.0000010631
    3    3    8    6       -0.0059954478
    3    3    7    7        0.6752368139
    3    3    8    7        0.0000010527
    3    3    8    8        0.7952215074
    4    3    4    3        0.1558673563
    4    3    5    3       -0.0000000158
    4    3    6    3       -0.0089651832
    4    3    7    3       -0.0000042326
    4    3    8    3        0.0215317132
    4    3    4    4        0.1946228183
    4    3    5    4       -0.0000000264
    4    3    6    4       -0.0145910502
    4    3    7    4       -0.0000013649
    4    3    8    4        0.0003554784
    4    3    5    5       -0.2297579576
    4    3    6    5        0.0000000172
    4    3    7    5        0.0000002078
    4    3    8    5       -0.0000000139
    4    3    6    6       -0.2211253660
    4    3    7    6        0.0000024274
    4    3    8    6       -0.0079058901
    4    3    7    7       -0.1839421903
    4    3    8    7       -0.0000007600
    4    3    8    8       -0.2228139999
    5    3    5    3        0.2078839188
    5    3    6    3        0.0000000009
    5    3    7    3       -0.0000001212
    5    3    8    3       -0.0000000019
    5    3    4    4       -0.0000001025
    5    3    5    4       -0.0713919449
    5    3    6    4        0.0000000053
    5    3    7    4        0.0000000240
    5    3    8    4        0.0000000054
    5    3    5    5       -0.0000000350
    5    3    6    5       -0.0054022047
    5    3    7    5        0.0000006487
    5    3    8    5        0.0800459033
    5    3    6    6       -0.0000000073
    5    3    7    6        0.0000000090
    5    3    8    6       -0.0000000067
    5    3    7    7       -0.0000000186
    5    3    8    7       -0.0000003643
    5    3    8    8       -0.0000000193
    6    3    6    3        0.2091323807
    6    3    7    3       -0.0000009354
    6    3    8    3       -0.0007875949
    6    3    4    4       -0.0575571038
    6    3    5    4        0.0000000054
    6    3    6    4       -0.0684043392
    6    3    7    4       -0.0000000177
    6    3    8    4        0.0029744449
    6    3    5    5       -0.0103038984
    6    3    6    5        0.0000000020
    6    3    7    5        0.0000000100
    6    3    8    5       -0.0000000070
    6    3    6    6       -0.0129429968
    6    3    7    6        0.0000002205
    6    3    8    6        0.0750105421
    6    3    7    7       -0.0101596759
    6    3    8    7       -0.0000019984
    6    3    8    8       -0.0103118161
    7    3    7    3        0.0727518766
    7    3    8    3       -0.0000004239
    7    3    4    4       -0.0000027975
    7    3    5    4        0.0000000390
    7    3    6    4        0.0000009454
    7    3    7    4       -0.0241779794
    7    3    8    4        0.0000004488
    7    3    5    5        0.0000063118
    7    3    6    5        0.0000000050
    7    3    7    5       -0.0000000044
    7    3    8    5       -0.0000001334
    7    3    6    6        0.0000061056
    7    3    7    6       -0.0024225072
    7    3    8    6       -0.0000021711
    7    3    7    7        0.0000095797
    7    3    8    7       -0.0703844588
    7    3    8    8        0.0000050926
    8    3    8    3        0.0990779262
    8    3    4    4        0.0038028049
    8    3    5    4       -0.0000000018
    8    3    6    4       -0.0011353556
    8    3    7    4        0.0000002600
    8    3    8    4       -0.0332530934
    8    3    5    5       -0.0162068291
    8    3    6    5       -0.0000000045
    8    3    7    5        0.0000003546
    8    3    8    5       -0.0000000056
    8    3    6    6       -0.0197723987
    8    3    7    6       -0.0000009568
    8    3    8    6       -0.0029788445
    8    3    7    7       -0.1049542243
    8    3    8    7       -0.0000010146
    8    3    8    8       -0.1298027780
    4    4    4    4        0.8016197336
    4    4    5    4       -0.0000000339
    4    4    6    4       -0.0186844150
    4    4    7    4       -0.0000040872
    4    4    8    4        0.0145478867
    4    4    5    5        0.2341196311
    4    4    6    5        0.0000000673
    4    4    7    5       -0.0000001240
    4    4    8    5       -0.0000000690
    4    4    6    6        0.2705168376
    4    4    7    6        0.0000051415
    4    4    8    6       -0.0382734041
    4    4    7    7        0.2153921048
    4    4    8    7       -0.0000036053
    4    4    8    8        0.2386741537
    5    4    5    4        0.0250467337
    5    4    6    4        0.0000000137
    5    4    7    4       -0.0000000039
    5    4    8    4       -0.0000000076
    5    4    5    5        0.0000000466
    5    4    6    5        0.0039920126
    5    4    7    5       -0.0000002521
    5    4    8    5       -0.0281266909
    5    4    6    6        0.0000000250
    5    4    7    6       -0.0000000036
    5    4    8    6        0.0000000050
    5    4    7    7        0.0000000269
    5    4    8    7        0.0000001426
    5    4    8    8        0.0000000332
    6    4    6    4        0.0324490529
    6    4    7    4        0.0000013324
    6    4    8    4       -0.0042011286
    6    4    5    5        0.0188537927
    6    4    6    5       -0.0000000022
    6    4    7    5       -0.0000000196
    6    4    8    5        0.0000000050
    6    4    6    6        0.0207937251
    6    4    7    6       -0.0000006339
    6    4    8    6       -0.0247278866
    6    4    7    7        0.0148598873
    6    4    8    7        0.0000007028
    6    4    8    8        0.0183047247
    7    4    7    4        0.0108171690
    7    4    8    4       -0.0000010054
    7    4    5    5       -0.0000006031
    7    4    6    5        0.0000000022
    7    4    7    5        0.0000000034
    7    4    8    5        0.0000000718
    7    4    6    6       -0.0000008476
    7    4    7    6        0.0018834338
    7    4    8    6        0.0000005413
    7    4    7    7       -0.0000012796
    7    4    8    7        0.0229286963
    7    4    8    8       -0.0000001358
    8    4    8    4        0.0127803275
    8    4    5    5       -0.0002370694
    8    4    6    5        0.0000000008
    8    4    7    5       -0.0000001235
    8    4    8    5        0.0000000058
    8    4    6    6        0.0006019003
    8    4    7    6        0.0000004217
    8    4    8    6        0.0031996516
    8    4    7    7        0.0310946359
    8    4    8    7       -0.0000004648
    8    4    8    8        0.0378280239
    5    5    5    5        0.9105308314
    5    5    6    5        0.0000000075
    5    5    7    5       -0.0000003464
    5    5    8    5       -0.0000000227
    5    5    6    6        0.8088920639
    5    5    7    6       -0.0000017372
    5    5    8    6       -0.0064992644
    5    5    7    7        0.6747829734
    5    5    8    7        0.0000012598
    5    5    8    8        0.7893567915
    6    5    6    5        0.0587919994
    6    5    7    5       -0.0000002688
    6    5    8    5       -0.0033314041
    6    5    6    6        0.0000000062
    6    5    7    6       -0.0000000505
    6    5    8    6        0.0000000020
    6    5    7    7        0.0000000062
    6    5    8    7        0.0000000056
    6    5    8    8        0.0000000014
    7    5    7    5        0.0259539338
    7    5    8    5        0.0000000632
    7    5    6    6       -0.0000006640
    7    5    7    6        0.0000000002
    7    5    8    6        0.0000000055
    7    5    7    7       -0.0000013307
    7    5    8    7        0.0000000050
    7    5    8    8       -0.0000006498
    8    5    8    5        0.0622114380
    8    5    6    6       -0.0000000046
    8    5    7    6       -0.0000000035
    8    5    8    6       -0.0000000064
    8    5    7    7       -0.0000000056
    8    5    8    7       -0.0000001874
    8    5    8    8       -0.0000000046
    6    6    6    6        0.9210085551
    6    6    7    6       -0.0000020043
    6    6    8    6       -0.0077466705
    6    6    7    7        0.6800925890
    6    6    8    7        0.0000012933
    6    6    8    8        0.7924527818
    7    6    7    6        0.0262900843
    7    6    8    6       -0.0000000095
    7    6    7    7       -0.0000012610
    7    6    8    7        0.0028002584
    7    6    8    8       -0.0000010784
    8    6    8    6        0.0580726228
    8    6    7    7       -0.0026892077
    8    6    8    7        0.0000015202
    8    6    8    8       -0.0019472374
    7    7    7    7        0.6791582184
    7    7    8    7       -0.0000029064
    7    7    8    8        0.7232253751
    8    7    8    7        0.0891171710
    8    7    8    8        0.0000017635
    8    8    8    8        0.9182717579
