    4    4       666
    1    1    1    1        0.5457934578
    1    1    2    1       -0.0000408005
    1    1    3    1       -0.0000044063
    1    1    4    1        0.0000022295
    1    1    5    1       -0.0000000266
    1    1    6    1       -0.0000068921
    1    1    7    1       -0.1521709605
    1    1    8    1        0.0000016367
    1    1    2    2        0.1857675412
    1    1    3    2       -0.0375956201
    1    1    4    2       -0.0168916603
    1    1    5    2       -0.0000000712
    1    1    6    2       -0.0401199187
    1    1    7    2        0.0000155502
    1    1    8    2        0.0154928289
    1    1    3    3        0.5006836352
    1    1    4    3       -0.1146748752
    1    1    5    3       -0.0000000101
    1    1    6    3       -0.0054687392
    1    1    7    3        0.0000041935
    1    1    8    3       -0.0662917045
    1    1    4    4        0.2134646410
    1    1    5    4        0.0000000170
    1    1    6    4        0.0093879601
    1    1    7    4       -0.0000006161
    1    1    8    4        0.0195723865
    1    1    5    5        0.4981365691
    1    1    6    5        0.0000000030
    1    1    7    5       -0.0000002663
    1    1    8    5       -0.0000000023
    1    1    6    6        0.5011465692
    1    1    7    6       -0.0000006408
    1    1    8    6       -0.0010281744
    1    1    7    7        0.4748869139
    1    1    8    7       -0.0000000756
    1    1    8    8        0.5395005976
    2    1    2    1        0.0016412155
    2    1    3    1       -0.0095406915
    2    1    4    1        0.0029357484
    2    1    5    1       -0.0000000061
    2    1    6    1       -0.0034780010
    2    1    7    1        0.0000162084
    2    1    8    1        0.0091565485
    2    1    2    2        0.0000400081
    2    1    3    2        0.0000077195
    2    1    4    2       -0.0000007337
    2    1    5    2        0.0000000007
    2    1    6    2        0.0000113879
    2    1    7    2       -0.0001236430
    2    1    8    2       -0.0000042825
    2    1    3    3       -0.0000309632
    2    1    4    3        0.0000253049
    2    1    5    3        0.0000000028
    2    1    6    3       -0.0000023712
    2    1    7    3        0.0045184836
    2    1    8    3        0.0000080261
    2    1    4    4        0.0000326542
    2    1    5    4       -0.0000000015
    2    1    6    4       -0.0000024792
    2    1    7    4       -0.0018424140
    2    1    8    4       -0.0000013810
    2    1    5    5       -0.0000356219
    2    1    6    5       -0.0000000019
    2    1    7    5        0.0000000005
    2    1    8    5       -0.0000000043
    2    1    6    6       -0.0000335945
    2    1    7    6        0.0002553040
    2    1    8    6       -0.0000023838
    2    1    7    7       -0.0000331002
    2    1    8    7       -0.0051027605
    2    1    8    8       -0.0000398557
    3    1    3    1        0.1048826987
    3    1    4    1       -0.0361149709
    3    1    5    1       -0.0000000061
    3    1    6    1       -0.0033433424
    3    1    7    1        0.0000026990
    3    1    8    1       -0.0941826304
    3    1    2    2       -0.0000004473
    3    1    3    2       -0.0000103434
    3    1    4    2        0.0000079437
    3    1    5    2       -0.0000000015
    3    1    6    2        0.0000009074
    3    1    7    2        0.0067724735
    3    1    8    2        0.0000104110
    3    1    3    3       -0.0000027108
    3    1    4    3        0.0000009479
    3    1    5    3        0.0000000353
    3    1    6    3       -0.0000016952
    3    1    7    3       -0.0399012955
    3    1    8    3       -0.0000001732
    3    1    4    4       -0.0000042717
    3    1    5    4       -0.0000000121
    3    1    6    4        0.0000008559
    3    1    7    4        0.0119761198
    3    1    8    4       -0.0000007723
    3    1    5    5       -0.0000032380
    3    1    6    5        0.0000000009
    3    1    7    5        0.0000000046
    3    1    8    5        0.0000000861
    3    1    6    6       -0.0000029314
    3    1    7    6        0.0025226018
    3    1    8    6        0.0000015650
    3    1    7    7       -0.0000069803
    3    1    8    7        0.0496859954
    3    1    8    8       -0.0000031235
    4    1    4    1        0.0127770806
    4    1    5    1        0.0000000041
    4    1    6    1        0.0022670589
    4    1    7    1       -0.0000018658
    4    1    8    1        0.0321699919
    4    1    2    2       -0.0000042009
    4    1    3    2        0.0000075952
    4    1    4    2        0.0000103792
    4    1    5    2        0.0000000001
    4    1    6    2       -0.0000015422
    4    1    7    2       -0.0026885894
    4    1    8    2       -0.0000033329
    4    1    3    3        0.0000013041
    4    1    4    3       -0.0000014072
    4    1    5    3       -0.0000000151
    4    1    6    3        0.0000021832
    4    1    7    3        0.0133741257
    4    1    8    3       -0.0000009601
    4    1    4    4       -0.0000035209
    4    1    5    4        0.0000000058
    4    1    6    4        0.0000020348
    4    1    7    4       -0.0033490885
    4    1    8    4       -0.0000003009
    4    1    5    5        0.0000013964
    4    1    6    5        0.0000000007
    4    1    7    5       -0.0000000016
    4    1    8    5       -0.0000000317
    4    1    6    6        0.0000005719
    4    1    7    6       -0.0008679766
    4    1    8    6        0.0000002007
    4    1    7    7        0.0000028192
    4    1    8    7       -0.0168326887
    4    1    8    8        0.0000015618
    5    1    5    1        0.0301201209
    5    1    6    1        0.0000000004
    5    1    7    1        0.0000000559
    5    1    8    1        0.0000000053
    5    1    2    2       -0.0000000027
    5    1    3    2        0.0000000043
    5    1    4    2       -0.0000000004
    5    1    5    2       -0.0000032558
    5    1    6    2        0.0000000043
    5    1    7    2       -0.0000000009
    5    1    8    2       -0.0000000039
    5    1    3    3       -0.0000000325
    5    1    4    3        0.0000000103
    5    1    5    3       -0.0000010112
    5    1    6    3        0.0000000012
    5    1    7    3        0.0000000033
    5    1    8    3        0.0000000354
    5    1    4    4       -0.0000000051
    5    1    5    4        0.0000006160
    5    1    6    4       -0.0000000014
    5    1    7    4       -0.0000000003
    5    1    8    4       -0.0000000118
    5    1    5    5       -0.0000000878
    5    1    6    5       -0.0000005152
    5    1    7    5       -0.0087258079
    5    1    8    5       -0.0000004508
    5    1    6    6       -0.0000000523
    5    1    7    6       -0.0000000017
    5    1    8    6       -0.0000000003
    5    1    7    7        0.0000001011
    5    1    8    7       -0.0000000028
    5    1    8    8       -0.0000000588
    6    1    6    1        0.0308673779
    6    1    7    1        0.0000021362
    6    1    8    1        0.0029336030
    6    1    2    2        0.0000094594
    6    1    3    2        0.0000016452
    6    1    4    2       -0.0000009653
    6    1    5    2       -0.0000000007
    6    1    6    2       -0.0000012517
    6    1    7    2       -0.0004813096
    6    1    8    2       -0.0000009350
    6    1    3    3       -0.0000050367
    6    1    4    3        0.0000048844
    6    1    5    3        0.0000000021
    6    1    6    3       -0.0000008770
    6    1    7    3        0.0018486194
    6    1    8    3        0.0000011405
    6    1    4    4        0.0000078617
    6    1    5    4       -0.0000000007
    6    1    6    4       -0.0000000585
    6    1    7    4       -0.0001477073
    6    1    8    4       -0.0000001219
    6    1    5    5       -0.0000060098
    6    1    6    5       -0.0000000041
    6    1    7    5       -0.0000000017
    6    1    8    5       -0.0000000014
    6    1    6    6       -0.0000068189
    6    1    7    6       -0.0097734743
    6    1    8    6       -0.0000006132
    6    1    7    7       -0.0000049810
    6    1    8    7       -0.0015527620
    6    1    8    8       -0.0000066822
    7    1    7    1        0.1171500694
    7    1    8    1       -0.0000005232
    7    1    2    2       -0.0071540720
    7    1    3    2        0.0143650240
    7    1    4    2       -0.0021877853
    7    1    5    2        0.0000000250
    7    1    6    2        0.0141494590
    7    1    7    2       -0.0000125112
    7    1    8    2       -0.0058114297
    7    1    3    3       -0.1399853871
    7    1    4    3        0.0466390183
    7    1    5    3        0.0000000043
    7    1    6    3        0.0023285361
    7    1    7    3       -0.0000034917
    7    1    8    3        0.0340804047
    7    1    4    4       -0.0189690673
    7    1    5    4       -0.0000000075
    7    1    6    4       -0.0041993772
    7    1    7    4        0.0000019331
    7    1    8    4       -0.0106018484
    7    1    5    5       -0.1354570992
    7    1    6    5       -0.0000000046
    7    1    7    5        0.0000002231
    7    1    8    5        0.0000000020
    7    1    6    6       -0.1384845277
    7    1    7    6       -0.0000002743
    7    1    8    6        0.0009973454
    7    1    7    7       -0.1323127052
    7    1    8    7        0.0000012603
    7    1    8    8       -0.1441443823
    8    1    8    1        0.1078759575
    8    1    2    2       -0.0000020006
    8    1    3    2        0.0000107350
    8    1    4    2       -0.0000034656
    8    1    5    2       -0.0000000065
    8    1    6    2       -0.0000009146
    8    1    7    2       -0.0060188102
    8    1    8    2       -0.0000117876
    8    1    3    3       -0.0000005066
    8    1    4    3       -0.0000005941
    8    1    5    3        0.0000000729
    8    1    6    3        0.0000014134
    8    1    7    3        0.0398424409
    8    1    8    3       -0.0000000464
    8    1    4    4        0.0000008463
    8    1    5    4       -0.0000000258
    8    1    6    4       -0.0000000059
    8    1    7    4       -0.0123477042
    8    1    8    4        0.0000006774
    8    1    5    5       -0.0000003171
    8    1    6    5       -0.0000000026
    8    1    7    5       -0.0000000034
    8    1    8    5       -0.0000000319
    8    1    6    6       -0.0000004471
    8    1    7    6       -0.0019285255
    8    1    8    6       -0.0000019229
    8    1    7    7        0.0000039988
    8    1    8    7       -0.0530262815
    8    1    8    8        0.0000008658
    2    2    2    2        0.5434625504
    2    2    3    2        0.0266017512
    2    2    4    2       -0.0074657349
    2    2    5    2        0.0000000984
    2    2    6    2        0.0555493749
    2    2    7    2       -0.0000005836
    2    2    8    2       -0.0124516654
    2    2    3    3        0.2304845473
    2    2    4    3        0.1094064139
    2    2    5    3       -0.0000000514
    2    2    6    3       -0.0289051455
    2    2    7    3       -0.0000028674
    2    2    8    3        0.0046925021
    2    2    4    4        0.5035858440
    2    2    5    4       -0.0000000140
    2    2    6    4       -0.0077328480
    2    2    7    4       -0.0000019308
    2    2    8    4        0.0051985310
    2    2    5    5        0.1858624021
    2    2    6    5        0.0000000388
    2    2    7    5       -0.0000000249
    2    2    8    5       -0.0000000380
    2    2    6    6        0.2067639045
    2    2    7    6        0.0000024645
    2    2    8    6       -0.0211150470
    2    2    7    7        0.1812772611
    2    2    8    7       -0.0000004345
    2    2    8    8        0.1894876663
    3    2    3    2        0.0192468368
    3    2    4    2        0.0345626324
    3    2    5    2        0.0000000150
    3    2    6    2        0.0084491263
    3    2    7    2       -0.0000029459
    3    2    8    2       -0.0013310358
    3    2    3    3       -0.0318074371
    3    2    4    3        0.0223793890
    3    2    5    3       -0.0000000183
    3    2    6    3       -0.0104196105
    3    2    7    3        0.0000040182
    3    2    8    3        0.0029129275
    3    2    4    4        0.0183009831
    3    2    5    4        0.0000000139
    3    2    6    4        0.0078794005
    3    2    7    4       -0.0000013822
    3    2    8    4       -0.0023385579
    3    2    5    5       -0.0379958755
    3    2    6    5        0.0000000028
    3    2    7    5        0.0000000315
    3    2    8    5       -0.0000000087
    3    2    6    6       -0.0366575949
    3    2    7    6       -0.0000001757
    3    2    8    6       -0.0049117118
    3    2    7    7       -0.0313818359
    3    2    8    7       -0.0000056092
    3    2    8    8       -0.0369725456
    4    2    4    2        0.1060029219
    4    2    5    2       -0.0000000005
    4    2    6    2       -0.0004658382
    4    2    7    2       -0.0000006996
    4    2    8    2       -0.0019607303
    4    2    3    3       -0.0120814481
    4    2    4    3        0.0091030372
    4    2    5    3        0.0000000324
    4    2    6    3        0.0183046868
    4    2    7    3       -0.0000017389
    4    2    8    3       -0.0042326508
    4    2    4    4       -0.0143913526
    4    2    5    4        0.0000000206
    4    2    6    4        0.0116100770
    4    2    7    4       -0.0000000171
    4    2    8    4       -0.0032515019
    4    2    5    5       -0.0168434033
    4    2    6    5       -0.0000000102
    4    2    7    5       -0.0000000015
    4    2    8    5        0.0000000135
    4    2    6    6       -0.0221825957
    4    2    7    6       -0.0000003599
    4    2    8    6        0.0075038450
    4    2    7    7       -0.0165506035
    4    2    8    7        0.0000021358
    4    2    8    8       -0.0185101891
    5    2    5    2        0.0016289540
    5    2    6    2        0.0000000263
    5    2    7    2        0.0000000001
    5    2    8    2       -0.0000000070
    5    2    3    3       -0.0000000603
    5    2    4    3        0.0000000576
    5    2    5    3       -0.0095839136
    5    2    6    3        0.0000000002
    5    2    7    3        0.0000000084
    5    2    8    3        0.0000000019
    5    2    4    4        0.0000000830
    5    2    5    4        0.0029721603
    5    2    6    4       -0.0000000083
    5    2    7    4       -0.0000000039
    5    2    8    4        0.0000000030
    5    2    5    5       -0.0000000834
    5    2    6    5       -0.0034564102
    5    2    7    5        0.0000009074
    5    2    8    5       -0.0030656108
    5    2    6    6       -0.0000000681
    5    2    7    6        0.0000000014
    5    2    8    6       -0.0000000011
    5    2    7    7       -0.0000000579
    5    2    8    7        0.0000000050
    5    2    8    8       -0.0000000705
    6    2    6    2        0.0163620535
    6    2    7    2       -0.0000012596
    6    2    8    2       -0.0038567397
    6    2    3    3       -0.0339876637
    6    2    4    3        0.0324542496
    6    2    5    3        0.0000000002
    6    2    6    3       -0.0097873203
    6    2    7    3       -0.0000009466
    6    2    8    3        0.0010862591
    6    2    4    4        0.0468231753
    6    2    5    4       -0.0000000084
    6    2    6    4       -0.0015417703
    6    2    7    4       -0.0000006465
    6    2    8    4        0.0016292723
    6    2    5    5       -0.0405611275
    6    2    6    5       -0.0000000018
    6    2    7    5        0.0000000320
    6    2    8    5       -0.0000000010
    6    2    6    6       -0.0447259938
    6    2    7    6        0.0000015921
    6    2    8    6       -0.0037965095
    6    2    7    7       -0.0326399724
    6    2    8    7        0.0000001059
    6    2    8    8       -0.0397291949
    7    2    7    2        0.0015731064
    7    2    8    2        0.0000011211
    7    2    3    3        0.0000142081
    7    2    4    3       -0.0000052399
    7    2    5    3        0.0000000195
    7    2    6    3       -0.0000000954
    7    2    7    3       -0.0037871836
    7    2    8    3       -0.0000036261
    7    2    4    4        0.0000003697
    7    2    5    4       -0.0000000078
    7    2    6    4       -0.0000000949
    7    2    7    4        0.0004572631
    7    2    8    4        0.0000013125
    7    2    5    5        0.0000138417
    7    2    6    5       -0.0000000016
    7    2    7    5       -0.0000000027
    7    2    8    5        0.0000000134
    7    2    6    6        0.0000142145
    7    2    7    6       -0.0015207156
    7    2    8    6        0.0000001456
    7    2    7    7        0.0000131408
    7    2    8    7        0.0044391575
    7    2    8    8        0.0000147642
    8    2    8    2        0.0026727798
    8    2    3    3        0.0095562665
    8    2    4    3       -0.0087143245
    8    2    5    3       -0.0000000111
    8    2    6    3       -0.0062847730
    8    2    7    3       -0.0000041240
    8    2    8    3       -0.0049806425
    8    2    4    4       -0.0104082644
    8    2    5    4        0.0000000063
    8    2    6    4        0.0035309169
    8    2    7    4        0.0000016838
    8    2    8    4        0.0007589984
    8    2    5    5        0.0096632324
    8    2    6    5        0.0000000018
    8    2    7    5       -0.0000000049
    8    2    8    5       -0.0000000074
    8    2    6    6        0.0106335526
    8    2    7    6        0.0000001675
    8    2    8    6       -0.0041656874
    8    2    7    7        0.0125759954
    8    2    8    7        0.0000059570
    8    2    8    8        0.0158667515
    3    3    3    3        0.4969286534
    3    3    4    3       -0.0956379195
    3    3    5    3       -0.0000000062
    3    3    6    3       -0.0033019222
    3    3    7    3        0.0000027810
    3    3    8    3       -0.0277305181
    3    3    4    4        0.2556490052
    3    3    5    4        0.0000000128
    3    3    6    4        0.0070654307
    3    3    7    4       -0.0000007337
    3    3    8    4        0.0074867354
    3    3    5    5        0.5042262111
    3    3    6    5        0.0000000058
    3    3    7    5       -0.0000003106
    3    3    8    5       -0.0000000060
    3    3    6    6        0.5083806702
    3    3    7    6       -0.0000005437
    3    3    8    6       -0.0030637471
    3    3    7    7        0.4362630597
    3    3    8    7        0.0000005278
    3    3    8    8        0.4966780793
    4    3    4    3        0.0785569692
    4    3    5    3       -0.0000000085
    4    3    6    3       -0.0047918560
    4    3    7    3       -0.0000021375
    4    3    8    3        0.0107571841
    4    3    4    4        0.0980338202
    4    3    5    4       -0.0000000131
    4    3    6    4       -0.0072102872
    4    3    7    4       -0.0000006931
    4    3    8    4        0.0001867328
    4    3    5    5       -0.1158937305
    4    3    6    5        0.0000000086
    4    3    7    5        0.0000001011
    4    3    8    5       -0.0000000073
    4    3    6    6       -0.1115813588
    4    3    7    6        0.0000012214
    4    3    8    6       -0.0041672444
    4    3    7    7       -0.0929510950
    4    3    8    7       -0.0000003911
    4    3    8    8       -0.1124321018
    5    3    5    3        0.1040813379
    5    3    6    3        0.0000000004
    5    3    7    3       -0.0000000688
    5    3    8    3       -0.0000000009
    5    3    4    4       -0.0000000529
    5    3    5    4       -0.0357525880
    5    3    6    4        0.0000000027
    5    3    7    4        0.0000000162
    5    3    8    4        0.0000000027
    5    3    5    5       -0.0000000176
    5    3    6    5       -0.0027007194
    5    3    7    5        0.0000003218
    5    3    8    5        0.0401162389
    5    3    6    6       -0.0000000038
    5    3    7    6        0.0000000060
    5    3    8    6       -0.0000000034
    5    3    7    7       -0.0000000094
    5    3    8    7       -0.0000000329
    5    3    8    8       -0.0000000097
    6    3    6    3        0.1046888270
    6    3    7    3       -0.0000004655
    6    3    8    3       -0.0003930234
    6    3    4    4       -0.0296924392
    6    3    5    4        0.0000000027
    6    3    6    4       -0.0342379361
    6    3    7    4        0.0000000053
    6    3    8    4        0.0014840923
    6    3    5    5       -0.0052080385
    6    3    6    5        0.0000000010
    6    3    7    5        0.0000000041
    6    3    8    5       -0.0000000035
    6    3    6    6       -0.0065412823
    6    3    7    6        0.0000001036
    6    3    8    6        0.0375933270
    6    3    7    7       -0.0051471308
    6    3    8    7       -0.0000009977
    6    3    8    8       -0.0052108472
    7    3    7    3        0.0363859880
    7    3    8    3       -0.0000002113
    7    3    4    4       -0.0000014337
    7    3    5    4        0.0000000228
    7    3    6    4        0.0000004695
    7    3    7    4       -0.0120980403
    7    3    8    4        0.0000002246
    7    3    5    5        0.0000031793
    7    3    6    5        0.0000000027
    7    3    7    5       -0.0000000022
    7    3    8    5       -0.0000000396
    7    3    6    6        0.0000030756
    7    3    7    6       -0.0012090924
    7    3    8    6       -0.0000010820
    7    3    7    7        0.0000048096
    7    3    8    7       -0.0351876209
    7    3    8    8        0.0000025694
    8    3    8    3        0.0495395188
    8    3    4    4        0.0018223905
    8    3    5    4       -0.0000000009
    8    3    6    4       -0.0005681124
    8    3    7    4        0.0000001295
    8    3    8    4       -0.0166268210
    8    3    5    5       -0.0081576574
    8    3    6    5       -0.0000000023
    8    3    7    5        0.0000000029
    8    3    8    5       -0.0000000028
    8    3    6    6       -0.0099432784
    8    3    7    6       -0.0000004788
    8    3    8    6       -0.0014885443
    8    3    7    7       -0.0525342728
    8    3    8    7       -0.0000005070
    8    3    8    8       -0.0649572130
    4    4    4    4        0.4997989477
    4    4    5    4       -0.0000000166
    4    4    6    4       -0.0091353607
    4    4    7    4       -0.0000020334
    4    4    8    4        0.0073148644
    4    4    5    5        0.2138016284
    4    4    6    5        0.0000000336
    4    4    7    5       -0.0000000499
    4    4    8    5       -0.0000000355
    4    4    6    6        0.2319479855
    4    4    7    6        0.0000025780
    4    4    8    6       -0.0197210229
    4    4    7    7        0.2041194814
    4    4    8    7       -0.0000018279
    4    4    8    8        0.2160760700
    5    4    5    4        0.0125465478
    5    4    6    4        0.0000000068
    5    4    7    4       -0.0000000036
    5    4    8    4       -0.0000000038
    5    4    5    5        0.0000000233
    5    4    6    5        0.0019963302
    5    4    7    5       -0.0000001250
    5    4    8    5       -0.0141012662
    5    4    6    6        0.0000000125
    5    4    7    6       -0.0000000024
    5    4    8    6        0.0000000025
    5    4    7    7        0.0000000134
    5    4    8    7        0.0000000103
    5    4    8    8        0.0000000166
    6    4    6    4        0.0162347802
    6    4    7    4        0.0000006656
    6    4    8    4       -0.0020996119
    6    4    5    5        0.0093969821
    6    4    6    5       -0.0000000011
    6    4    7    5       -0.0000000089
    6    4    8    5        0.0000000025
    6    4    6    6        0.0103697592
    6    4    7    6       -0.0000003150
    6    4    8    6       -0.0123893896
    6    4    7    7        0.0074032994
    6    4    8    7        0.0000003498
    6    4    8    8        0.0091219145
    7    4    7    4        0.0054181342
    7    4    8    4       -0.0000005036
    7    4    5    5       -0.0000002607
    7    4    6    5        0.0000000008
    7    4    7    5        0.0000000017
    7    4    8    5        0.0000000075
    7    4    6    6       -0.0000003822
    7    4    7    6        0.0009409261
    7    4    8    6        0.0000002783
    7    4    7    7       -0.0000005965
    7    4    8    7        0.0114601386
    7    4    8    8       -0.0000000261
    8    4    8    4        0.0063903427
    8    4    5    5       -0.0001028612
    8    4    6    5        0.0000000004
    8    4    7    5        0.0000000008
    8    4    8    5        0.0000000029
    8    4    6    6        0.0003176306
    8    4    7    6        0.0000002109
    8    4    8    6        0.0015975337
    8    4    7    7        0.0155644373
    8    4    8    7       -0.0000002323
    8    4    8    8        0.0189301515
    5    5    5    5        0.5546020933
    5    5    6    5        0.0000000037
    5    5    7    5       -0.0000003617
    5    5    8    5       -0.0000000113
    5    5    6    6        0.5037381802
    5    5    7    6       -0.0000008829
    5    5    8    6       -0.0032391282
    5    5    7    7        0.4363097266
    5    5    8    7        0.0000006352
    5    5    8    8        0.4940391228
    6    5    6    5        0.0293971420
    6    5    7    5       -0.0000001339
    6    5    8    5       -0.0016655289
    6    5    6    6        0.0000000030
    6    5    7    6       -0.0000000254
    6    5    8    6        0.0000000010
    6    5    7    7        0.0000000029
    6    5    8    7        0.0000000032
    6    5    8    8        0.0000000006
    7    5    7    5        0.0129747498
    7    5    8    5        0.0000000298
    7    5    6    6       -0.0000003104
    7    5    7    6        0.0000000001
    7    5    8    6        0.0000000045
    7    5    7    7       -0.0000002015
    7    5    8    7        0.0000000025
    7    5    8    8       -0.0000002598
    8    5    8    5        0.0311681534
    8    5    6    6       -0.0000000023
    8    5    7    6        0.0000000054
    8    5    8    6       -0.0000000032
    8    5    7    7       -0.0000000028
    8    5    8    7        0.0000000214
    8    5    8    8       -0.0000000023
    6    6    6    6        0.5597450758
    6    6    7    6       -0.0000010179
    6    6    8    6       -0.0038707763
    6    6    7    7        0.4389267963
    6    6    8    7        0.0000006517
    6    6    8    8        0.4955421017
    7    6    7    6        0.0131463473
    7    6    8    6       -0.0000000089
    7    6    7    7       -0.0000006443
    7    6    8    7        0.0014010447
    7    6    8    8       -0.0000005540
    8    6    8    6        0.0290991677
    8    6    7    7       -0.0013423248
    8    6    8    7        0.0000007621
    8    6    8    8       -0.0009619217
    7    7    7    7        0.4380913102
    7    7    8    7       -0.0000014495
    7    7    8    8        0.4605598949
    8    7    8    7        0.0445606851
    8    7    8    8        0.0000008870
    8    8    8    8        0.5585221157
